#Script started on Tue Jan 12 18:03:07 2016
#[?1034hbash-3.2$ g++ -std=c++11 -Wall -I/usr/local/include CASE1-dataset-generator.cc
#bash-3.2$ ./a.out
#This is the data set for the CASE1 experiment
1000 1
#(input target) target = sin(input) + ε (εは平均0,標準偏差0.1の正規分布に従って発生させたノイズ)
-0.634374367561213 -0.485152695371393
-6.01498431776268 0.24384595157738
4.93351687821084 -1.05029943962508
8.30915132805688 1.01586949273234
8.49928655576566 0.815914430204142
-7.44948554208721 -1.05789099455131
-0.258100846639085 -0.447562200943168
2.03577313536046 1.02524644277578
3.90728080999328 -0.855238052350195
6.72894077975827 0.506721472805072
9.72392099276171 -0.322342846050118
7.37226362974431 0.964148708829459
3.12438455914049 0.0414862967010809
6.6799951078198 0.571541331080837
5.26979168993966 -0.89774801283431
2.11587347652449 0.844835960627262
9.59271857730559 -0.14648311051263
-4.51530525476056 0.916046966261498
3.9632281043451 -0.790864584289169
7.87405270108451 1.01140495877744
6.11029100706114 -0.131489107555768
-4.60978861263896 0.907464085411923
5.37684652949277 -0.969501326155642
-5.00689432154724 1.11325182237513
3.99916657586335 -0.755026759098478
9.66541208524731 -0.157301945691031
0.00443296340649013 0.132784052998152
-2.04432061616843 -0.812778442805728
-6.76866097607427 -0.442018791893008
-2.9424146611611 -0.0295164423716393
-0.924145222829852 -0.813876097648092
-9.97750925838822 0.55625936705061
-9.73913272892223 0.17450933048526
1.64632410667012 1.02203192472427
1.8479434168121 0.929833030495951
-4.99940877022341 0.897640614203377
-5.18469074948453 0.900211903164011
-0.211958336298681 -0.143987857584204
9.11759578069575 0.415000195280148
-2.34792140157269 -0.872866023385503
2.15609551599976 0.859139057097845
2.50871942025769 0.499911703840816
-0.290853944120474 -0.0331842851282467
6.67640268702393 0.404279805569465
-4.93884476530794 0.97143940231203
-9.61902204895033 0.169773612311088
-0.118819203192629 -0.19033301299545
2.59998777735276 0.521313216918047
9.03964868270198 0.260979804391603
6.44421222218502 0.192163160103165
3.20427651848189 0.0481992655631393
6.35194883359528 0.0477462986140476
7.49064699452338 0.899760710440982
-2.14683964615995 -0.96068340681787
9.82527049757749 -0.326606388136418
-6.32468578437525 -0.0428294265398612
3.28308669083791 -0.14036163447067
-3.26086559846761 -0.0251320947599762
8.63611400376528 0.750536905084352
-0.622527009163028 -0.570357363969438
-6.39642504140755 -0.201502577431162
-3.72833022585996 0.548937280194109
-7.79531796492617 -1.02560010843486
-5.30960682079445 0.65804810024874
8.13409052508262 0.921788783364028
-1.1044399363308 -0.939183934988069
1.01834817052067 0.912342696885639
0.100251510550367 -0.0690184789192635
3.48696999292029 -0.253699076770177
4.18183134495099 -0.863180906124065
2.53541542614052 0.4721877795788
3.45235386833042 -0.449654296068424
-7.4693842547962 -0.82345016155534
0.758257386977071 0.861513357495631
-7.91057739206186 -0.887763870578484
-3.88259091135406 0.602397758860076
-1.05635300989441 -1.0141836208463
-1.54221388171213 -0.945754277022411
2.36202711813227 0.710570067111872
5.72431774354887 -0.400347555437099
-5.64931136112367 0.588499174625964
-7.79207522249699 -0.99900454491711
9.53459356783187 -0.0326384742295579
-7.21273712577536 -0.796918194606518
-9.0133541052172 -0.508951596964872
-5.39047538466503 0.868192552246369
6.0576908579142 -0.225151666997444
-7.62066959063218 -1.10180935211707
-8.40255060233014 -0.800362799134934
3.58299433678035 -0.341911165112158
-4.35483898477539 0.826853770651978
2.02751585519621 0.851517500809451
0.790004032161185 0.790730941481907
8.62953785797285 0.635620702943481
2.71467788605437 0.397953562371338
-7.50938822608674 -0.917908237522638
1.25428615910978 1.02069268679857
-0.843703425081003 -0.774580148572068
8.92515135650841 0.665445195343894
7.20075246526439 0.678578883002929
2.70993039734827 0.504820439654094
8.55252708443005 0.741440972002255
8.23443383235528 0.965832335814374
-5.0838358667483 0.816527772804836
-0.00843795712596673 -0.0102092212597598
8.52883606105665 0.778691159975246
3.15407099517447 0.05035082464193
4.34612424036733 -0.989671824135325
-3.54687129843108 0.385888951747042
5.44974719432494 -0.689866007893213
8.11114348569539 1.05397040437929
4.90719362263474 -0.788463770756436
3.65736212038274 -0.585043573804006
5.95482782317234 -0.332780253485091
-3.62639864636452 0.704603639687292
9.83883023491882 -0.366604893253128
8.6371289971672 0.580825870455546
0.336728604228519 0.251996145811972
-4.91855596532879 0.910801025247624
-4.14580951646151 0.910085401996288
6.02351038139638 -0.297317377422571
5.80529220529953 -0.347095471577487
0.666589956255535 0.605917510240021
1.16475996736573 0.778278533656995
-2.54958049449421 -0.666505066394145
4.5085272389062 -1.02278562453151
-3.81248015747214 0.461041408271006
6.26782103458121 0.0279390334166818
-9.55583012848265 0.124864752356752
-7.42077280004836 -0.805785365452522
-6.17482471143808 0.133971516448403
-6.4178750988384 -0.146930372017035
-0.862040299397787 -0.742869255707304
3.43163772494419 0.0438160319332435
8.21210992451 0.889194937386776
3.35257449436216 -0.254434611171238
-3.89353193731271 0.625466238781219
3.96862181195123 -0.86924001480815
2.21844571181441 0.876204673404411
-9.52032714537505 0.0749714355977548
-4.95978822409419 0.969513831222918
3.3252579327306 -0.0944229991065709
-8.29106990367862 -0.954154849495281
5.28831442669309 -0.771521910704139
2.9790181039725 0.0475526167828387
-0.734694317303585 -0.434883085952301
0.957197832738865 0.916967266964385
-0.11447407001684 -0.100970522294634
-7.33646618138951 -0.801996842012292
-8.87081308528034 -0.462567466393586
6.8608915572113 0.577106511786405
-1.1115458725319 -0.870178659097437
-9.88991612650618 0.642177152252055
8.59245916870254 0.628238132140913
4.81921972426769 -1.03965689821511
-0.712573701054737 -0.610184966253615
3.69840408344536 -0.592653422767917
-1.37732445435063 -0.980332524302231
4.68392485638718 -1.04614160385977
-5.9538057715605 0.288242563204936
5.31656648073612 -0.6564234309262
-3.63992387554517 0.305594768950991
-3.51990641688247 0.467620805960384
-3.77285915998644 0.704111583877337
8.87335798470699 0.42251605503465
-8.63250618636199 -0.740034960346589
-0.531191391709958 -0.693837198601215
9.39895081448896 0.0653568085354939
-2.993220449674 -0.111670195791326
-0.234091469457002 -0.257336349284844
0.753461027937545 0.7812079189341
1.79194250274634 1.03268263893157
-8.84396242169483 -0.590484320647271
-8.67093735271065 -0.713325977612752
7.75421168577213 0.915387974055976
9.99894346785518 -0.601890123184524
-6.49785980981807 -0.153480273839046
6.19341502176747 -0.146428910679802
-8.60707473528646 -0.631925191198342
-6.73355987882603 -0.605623891255214
-2.23515130768885 -0.817605680482459
-6.91000937416407 -0.45884519104842
-6.99982221447579 -0.819053443279196
4.398380885271 -0.913159795628896
-2.348560832435 -0.782887233660507
-3.8402027741618 0.693196222676786
0.723250591726867 0.639102732689055
2.71672626288279 0.390206746707939
3.2969829570957 -0.0418303091922804
1.15672099793071 0.94183841951074
2.39969334078179 0.66284350805074
6.32316702608448 0.207441403456608
-3.04847947977101 0.276671534007144
-3.62496147976839 0.379304000208306
3.57559461702338 -0.524492563909534
3.38624232404081 -0.194295389296332
-0.75116792807221 -0.688336888637064
1.23512251470414 1.16600789876833
0.385824871973339 0.254534179663314
-4.68438442996164 0.905189579755791
-9.24636515381191 -0.322098021076968
-7.72248779030884 -0.782610431151384
6.14598836608233 -0.177845005047209
-2.86547036508738 -0.207192097432208
4.75138989097891 -0.953799845330326
-5.90104086714162 0.338681581942596
0.466754061720779 0.454783125227652
-9.95976166441275 0.636986012153003
-9.53312895418141 0.15441274274669
-0.843380450717094 -0.646644560665563
-5.36239521477732 0.70979676023656
-4.36296718140031 0.731853389323542
2.91493545037985 0.105552153607136
-4.46246278039404 0.90637415496909
8.95549048626217 0.344616768671387
6.51140601092133 0.292110010123908
-6.53374242957126 -0.119292700326406
-6.27359199643365 0.177220869419515
-0.398701346298111 -0.26158986365233
0.884856342517352 0.664618971968146
-2.66238537602416 -0.447972184604517
-2.67658658578142 -0.321745948922689
5.29306799732626 -0.715437947642748
6.52407623717344 0.437130428856461
-4.13702278673423 0.563836023963715
5.73564219466884 -0.660739889609123
-9.09508011577584 -0.467415075537533
1.30444094850604 0.894027972018316
8.6544616695523 0.782264419859448
0.344925700559166 0.268536279507763
4.29266350687183 -0.904912551347336
-5.03000522280667 0.927473246196509
-1.72686872599878 -0.983714659628646
-5.69318943427202 0.677998187247376
4.23656210126656 -0.835798950508673
4.11221525619439 -0.790665018887424
-4.8778801579291 1.01591642431055
-3.46535529683313 0.409204996889587
8.1617968977073 1.08140850599619
-5.67233516283833 0.824546175233522
-5.25358970250107 0.748702888155315
-5.66636706809482 0.608604758775755
4.74457189895108 -0.792977715872109
-6.70251015561701 -0.373946678548085
4.79981472192405 -1.10001586488104
-7.29681952685734 -0.855712872408011
-1.48901379889215 -1.03957361680827
7.35955169577468 0.747780510232792
-7.07785528217493 -0.720344218784646
-4.3211604188819 1.00726771181581
-5.84959157366041 0.532778521700664
-5.39300739260401 0.845412231543726
7.03272440655432 0.688465053480037
-2.68673190535022 -0.470786095885257
3.39645653110568 -0.14604002328976
-6.03253108863251 -0.017879608913571
-3.75018642733686 0.49500702917112
3.44401173609057 -0.288568729815552
6.29122254800348 -0.0578364483941654
4.21920880680577 -0.730781579505297
8.59124754902144 0.789398826331168
-0.524589969554091 -0.396795586431235
-8.83362019956981 -0.45308623827699
2.30720481679614 0.741330506851509
0.717911661301793 0.726029442130196
4.86712835308923 -1.05134606292006
4.74528639753771 -0.963855689275013
1.01028705017305 0.857734238388661
6.97143985196125 0.588807219862385
8.68185903998958 0.60898670676651
-4.79207541526483 1.03890445032038
-6.64722389048604 -0.206195846253085
-8.01888935363415 -1.01135816822436
7.88321439164674 0.969457243538962
-6.69035851388781 -0.347292824456179
5.48827194435135 -0.816067289923742
1.86382489516917 1.11608134474144
6.22133175030334 -0.0918916778807314
4.45628870164525 -0.762530486437924
8.12237381600159 1.01543237066775
-9.53368301093818 -0.0839250038041411
-2.86245733877197 -0.143437554281301
4.77140167960193 -1.06065358816361
6.53646454592392 0.255111321569719
-4.01088989179781 0.8166328992252
-7.31510100687037 -0.701064504738596
0.40227816167458 0.313781432834207
-4.72038419652646 0.906579229654895
-7.46546858335939 -0.950968837512017
-6.47737951972809 -0.304203593775368
-9.5938287477908 0.00127812929480009
-4.90778242399187 1.11050611341862
-4.41092281697753 0.652123703059508
3.20767457878222 -0.112589650347468
-8.95852669823683 -0.376882249068447
-0.591387147049895 -0.604833406832218
-4.66684150286294 0.955406198913716
0.31424032179431 0.324769213762791
-9.07491941984477 -0.231231785911184
6.72631090843198 0.388434799694723
-4.1767855350169 0.916758638346943
-6.52926867642227 -0.332729781559007
0.317217866562622 0.312846222973956
8.51266711751047 0.696807882679959
-0.330757295046224 -0.412233023959071
-2.39896754732144 -0.629821990345269
9.74182864177919 -0.256631942853752
-5.0421806027492 1.14377914315284
-4.95464496518834 0.959481226549387
0.675802871922777 0.624658929610197
-3.2965970175014 0.25246563869101
-7.78309228090608 -0.999041831965585
7.06233342009241 0.723739287559053
-9.09916264250202 -0.352056706443496
-8.91556723478941 -0.642108319314069
-1.03665129193798 -0.872885023784234
8.94724365382607 0.658909932608427
8.85237143360967 0.521135993613754
1.82867100093326 0.857625279743489
7.36419329270553 0.912710772902116
-5.98587633365884 0.327709906214735
7.19496457475923 0.808117332610473
-4.68167646376135 1.06325447007736
4.10988859682351 -0.908957851327624
-5.69400101335705 0.585345621098457
2.29539765559304 0.662201704993784
1.65631622990808 0.892485819874055
9.55021236296105 -0.073942935295181
-8.00086387932212 -1.00883302732331
-9.01035330411618 -0.542354906511073
0.567533502154502 0.719397420194317
1.9705459075279 0.988754371554511
7.25788534767265 0.94700473745554
-6.36483924636401 -0.232196505174058
2.76307130345359 0.408504312577261
0.108123415884037 0.112881700864001
-0.529941410783811 -0.505917099705186
5.92199503130659 -0.351349516785057
7.02943523144641 0.701221827576495
-7.76180919858863 -1.0584491855012
-2.98266314667659 -0.138564578216483
-1.70894234611105 -0.963678088092964
-6.10450671778261 0.113602680726913
1.17623279476256 0.929211854479585
8.19541510179132 0.754012747984212
9.25862588023228 -0.0109256819517432
-1.06695712625358 -0.868933136206591
4.83325303498769 -1.01470835082041
6.50523270895663 0.254452192208484
-5.98362882832791 0.388449350427866
9.32859337279479 0.153489210347483
4.13084257690778 -0.736652386240347
9.83933003331608 -0.646073252927801
-2.46818506906346 -0.61362780182219
9.9288691409671 -0.489425343081082
-2.4552955374848 -0.485824221201204
-6.65601814198937 -0.52627904444972
-6.11147223252491 -0.0562551111455303
-0.399802407706558 -0.293544994356158
-8.11121642577457 -1.09729759078834
-2.67414005024915 -0.337841210458907
-5.03788285090728 0.926929539257742
-4.55143048211519 1.18468492943035
-6.23985585333586 0.0826427409004202
-4.68025740480793 1.06296631156831
4.71348854877147 -1.0029941076394
-5.85343368179051 0.491851138524371
-6.9851143752378 -0.541675008478251
-4.73491620343199 0.974822590826501
-6.1414246552135 0.233074840841264
-7.62892118786685 -0.918915045067695
-2.41886696614106 -0.498597372452078
-3.70124643832796 0.620364968849875
7.87073748214227 0.966058915886586
9.24351879549678 0.221719384104415
-0.303942665561873 -0.167995130617135
1.27974626675377 0.856823711769326
7.70225472837553 0.835837711901009
2.17458629886284 0.759214968279387
-4.86730344557851 0.962600834517888
-3.98586729580362 0.683939036148276
0.316934453956623 0.414420919071712
1.19350038358537 0.982038208473642
2.08854725936693 1.03858173198738
-7.94747164332644 -1.01594460725574
-0.802711974907931 -0.613055715795756
-6.72035008071036 -0.225983782838266
-7.4500495797976 -1.04174282849893
0.684502072271673 0.678020367407776
0.846872570470952 0.594277973014965
-2.76994199416791 -0.383566971605086
2.78536151044641 0.41000835484701
7.78499036583288 1.00225975345349
-5.34918901178345 0.630158893220656
0.0572160920837312 0.0615530200342671
3.16841984747026 0.0475636943106564
-3.13169602509397 -0.0543275370709938
0.989621002052409 0.681510617257838
-1.71780080640339 -0.920035545392174
-7.05254274639601 -0.661959628838933
-3.94134963823638 0.959639844926074
4.35153503628758 -0.832455326850364
-5.38541341965391 0.666886996315949
-4.07337200490755 0.65224657084178
7.73697644083591 1.03114053376079
0.631709923505603 0.490299443956251
-3.41571521124771 0.230841474223821
-2.30787018098196 -0.82971757662424
-2.74088841266693 -0.311910825021291
1.85547862746309 0.921631461085297
-4.37563605679138 1.00282388945573
-7.33777595615302 -0.872028557054011
4.26648322092004 -0.894900257558204
-7.0951709430242 -0.651341347158866
-3.56068909234025 0.295102151370697
4.41342433239801 -0.982000029468996
-3.21708752856135 -0.100358492568295
-7.06737914103856 -0.612435538044598
-5.06021401646123 0.993210906184732
0.874387704842551 0.728220911190725
3.31956811442473 -0.193610288868712
6.74487087659104 0.620652007425489
4.66289788096832 -0.882925840266193
-5.52918560065873 0.860070346067782
-2.5174717799628 -0.627662571446815
0.565054324935719 0.637596763951632
4.52674654878741 -1.15619827505477
3.24485308400553 -0.228569819838461
5.02811276234564 -0.858271806194756
7.21444764434916 0.790494013350865
-8.20750693136869 -1.04201121375045
-2.45000740233113 -0.649158571442241
-6.72342280866679 -0.448769966141819
-0.295321566191799 -0.206472893529155
-0.199247062497509 -0.259951138446719
-5.04381789565356 1.00364745929429
1.40867429169192 1.1485497816884
1.54662962171839 1.04602918942972
9.41879342067874 -0.175811468947511
-7.10697453062837 -0.582030129861556
-1.01573352713914 -1.12016401723298
-1.78575418775367 -1.02009861983387
3.15883231181373 0.0254428135028258
8.66426002789454 0.674501601947598
-9.30850608982226 -0.141365714192602
4.56489462185285 -1.06857563181032
-3.46747002841016 0.479334135718469
0.0505576761137423 0.00230478735403068
0.79658429800177 0.726500227761796
5.27072382977383 -0.889247060552937
5.85669760205786 -0.394656817568537
-4.28607477349648 1.14424895334603
-2.02998509129873 -0.828022839288456
-2.5297948146535 -0.703507807164675
-6.66072028191397 -0.547763506199639
-3.42480856686794 0.141414185986916
-0.164153155492876 -0.0164202345919888
7.49093777855726 0.973127916868085
9.10665479457446 0.138963727123759
4.57297205083408 -0.870850768912486
-6.76713688180441 -0.563017560764764
9.15874051008277 0.320125295457063
-3.57063571934497 0.449989652361916
8.02243532954164 1.08970449740846
8.80393911782939 0.615170957289831
-2.01845021359413 -0.961635759160609
5.87814021128255 -0.304434649088226
-6.12016222870428 0.193010092163183
6.46943357820836 0.449496925829333
0.931472791501392 0.728125109244955
-5.53704320228347 0.822753413202004
2.65569312106319 0.530821787622078
-9.26972756293758 -0.359341984453149
2.31575739714352 0.78215764075444
-1.00720974149874 -0.710384451972601
-3.94695811349695 0.839781841585419
-6.36370284475538 -0.144372251109956
1.49943548827508 1.04051760070964
-1.95188141066428 -0.942994806189179
9.16076127729904 0.306319547670896
1.13897086189456 0.833568091244255
5.48095311017838 -0.774400864516307
2.81557140020785 0.321845501521105
-2.45177005772415 -0.78684709495487
-8.55224680948455 -0.703958295319954
3.29981704715069 -0.0153251293504479
1.79818357168092 1.02520566050395
8.58657149597691 0.827025947594356
-5.06577302899695 0.818301417957477
-7.61689468760467 -1.03382630965618
-7.00021448464649 -0.686839300540641
-3.48256324537515 0.242585941813241
-1.43875036684799 -1.00330962063455
8.8019140493807 0.74240427627329
8.27204619274635 0.886034909774538
8.79752174368301 0.497101987572639
-2.35707489798077 -0.582836318288624
5.80962796533117 -0.467105895031353
6.61698142971156 0.445957910590396
4.25015798321987 -0.819190420797971
2.33788532635644 0.508271698814453
3.77240558545595 -0.511611371827289
9.79981573201742 -0.415694231834456
6.74981887228839 0.477074240622103
8.04743172814494 0.922976678836702
-2.20784825466766 -0.841136286880211
-3.59232054327843 0.271449355861258
0.425346081133748 0.283059221567609
-8.92724698874184 -0.36648922537197
-2.74740515461824 -0.061277360528798
2.24232099811409 0.648020060249812
-2.28993428370675 -0.854582975092894
-3.00272190511436 -0.218839599474518
3.0350749189539 0.130353608972582
6.97058616616122 0.817141298777634
-4.81525252382114 0.899164177758448
-3.99037131113625 0.734633793646282
1.37901326405508 0.914074642790724
-9.78205250178645 0.390941321631575
2.92205717928945 0.211472872299601
-6.45859823521299 -0.179648018674775
-0.933376632927656 -0.897034938389783
-2.57503322460549 -0.580353405059656
-9.4889286188846 -0.033366668349954
4.33916352736453 -0.799899590299797
-9.84328732027407 0.35776126910323
-0.868252033280983 -0.856520136991588
-8.71138653250648 -0.84121299507745
-9.86944038340155 0.469231036269714
-2.57938501989012 -0.578314030993195
-1.28301374520199 -0.926054599671636
6.34156714801351 -0.124866944869383
5.8609049570331 -0.454982790474167
4.5126042455726 -1.03383423053276
9.55157817677871 -0.262044028695009
-7.56981241124805 -0.946444811898794
9.70404273636219 -0.310067317682779
5.07608538183099 -1.07424354613215
-5.44717423392966 0.609332425067374
4.59781002474184 -0.963620841912682
-9.00313191891497 -0.366365827786997
9.75306258552167 -0.288220910700048
-5.89221952163927 0.337630053267482
-6.77438622677666 -0.391809389994
7.57945461357482 0.963175258673395
3.63861454282492 -0.613347990069925
0.32004110378714 0.319783069391766
3.02590450610275 -0.0290890087132206
-6.1330236716866 0.186305337582237
-9.32755983581173 -0.0670804540558298
-4.21678737255749 0.940531856719095
-5.20152520466827 0.798931375731909
-5.02033466781618 1.06007907650629
2.52091380124266 0.515819298133235
-3.52827552329731 0.370249100991034
0.392328971086307 0.468970378375735
-5.38689800131644 0.858222528301092
7.76551168646332 0.952496656481042
-3.76847475995623 0.585020092183129
2.0599095359018 1.00666505336116
-5.30900099858825 1.00505390802296
-3.38919209343076 0.0766991154505424
6.26863773762495 -0.073720026528545
-5.79729674259115 0.421210691356462
-5.16223428890698 1.07855151478883
-0.460430215996738 -0.561676660921949
-5.46459580197223 0.553413922650938
9.66012661808319 -0.267881786697171
-8.08028755211337 -1.10187395959018
4.45197382454828 -1.0542943043719
6.02675536808633 -0.108771863135534
-3.9672293217585 0.788418651300751
7.336001981155 0.818707774671243
-6.80353498825736 -0.55898055587971
8.87246830464315 0.475296867772413
-3.29553717261664 0.246550024669789
-7.76923269029145 -0.84565797018013
4.70236424837903 -1.03822339833763
5.59416985241648 -0.473974944994611
-9.35737504537548 -0.138997228054761
-8.55287899163945 -0.731183230583018
-0.070725694322114 0.0396819129690311
-8.25686333417591 -0.869874776816184
2.33515446940038 0.622667942743834
2.00336823335103 1.14564613019111
-6.91010468328106 -0.716151752565869
0.813103883987825 0.910847515567066
0.643673452432568 0.480401576632373
2.14064919741733 0.93427872665283
-6.97321377170387 -0.718948740692911
-4.94380844320297 0.810459455088887
-7.54895142534652 -0.921391262956987
-0.242274354275049 -0.212342126343193
-1.44420797613 -0.953606729851243
0.863046469313201 0.715527820715194
6.06144511123831 -0.182224473536612
5.13134475277366 -0.997835457806159
-9.72766434410476 0.261774585520868
7.89986585188213 0.992326417672721
0.752955660329928 0.564358464136689
9.35629338721537 -0.0911465700864904
1.39650865015851 0.883563547392065
4.37524630105366 -0.935968115592415
-4.33881276830902 0.963183663417473
-1.33920291341691 -1.06545769570272
6.05634850603282 -0.238139588599608
3.11208615606284 0.166013789602182
7.78860236785296 1.07617203224282
5.73061312609839 -0.510840922409134
-3.85913718433429 0.547601540096269
6.80184075679428 0.681954783391321
3.16154675283377 -0.0653027601811551
9.93238745811184 -0.442279144908617
8.05619007758079 0.825431369323142
-5.8685312706614 0.389358504138269
-2.31159018089955 -0.717234697964486
-8.85515645383249 -0.421340491213394
-8.55107832195188 -0.852083547733216
-2.41392987242476 -0.634614850792533
-6.69938631306639 -0.369257183168152
-9.33757473639822 -0.0649906678285423
-0.0244920748995767 -0.108339388941427
0.379356275930345 0.512564113965061
5.08731108547714 -1.02600804134072
3.65763704424307 -0.55050507967545
-4.92074780618375 0.871996725218155
8.10169534606425 0.972494278397258
4.32516884195696 -0.848680969538614
-9.09531249987916 -0.281620818914924
-8.08790422242532 -0.791702307129776
-0.891855118965287 -0.624758992145891
-1.35792110677276 -0.902767981493544
-0.735665469238032 -0.713475423456214
4.12374754879256 -0.756218564539799
-8.66560674236859 -0.57503080802464
1.14378386399656 0.870201431607167
-3.02344583434402 -0.0994962634475026
-2.28102631153899 -0.676710385840929
4.92316228952452 -0.918056281523165
-7.2038492999075 -0.945262863140357
-8.88268673005735 -0.427552819588393
2.14131517262102 0.930045687912116
-0.303294785791248 -0.204182304846402
-8.45298845448548 -0.662722834493972
-2.4461721529122 -0.597487994777671
-8.21053856873031 -0.975254397880155
5.66332219839988 -0.518339789807782
-2.12165185574699 -0.774787315529605
-8.96093602999118 -0.379577901228503
4.57855131697212 -0.901368301090113
6.44875077330604 0.294389869725372
-5.90929194555475 0.405161859897096
0.187278283682966 0.304228804268801
9.62783171568752 -0.282076341952091
4.23999237021139 -0.634382033332244
-6.17925005171494 0.210969176912217
4.66197611208401 -0.945092849276982
4.7614779526662 -1.00967684909854
-7.22598029931587 -0.749761099798513
5.58625190119192 -0.759790815364196
3.08442546696049 0.0861720152892272
7.2399687768675 0.770695001428654
-2.87058861780199 -0.31137129678345
5.50915077382821 -0.601902136202509
1.76366630828409 0.877507206231056
6.93076030519642 0.46445982823901
7.56954675002105 0.928481053027374
-6.58970451272102 -0.181168080673505
-8.92200588797155 -0.483609523579245
-4.55951748984413 0.858109741000273
-9.12024362763108 -0.332734539988057
-3.37737738892873 0.165517196488121
-7.53094831686389 -0.915157608605931
4.06484675179048 -0.735019649417554
-7.70546740201499 -0.830882844200324
3.36546640223528 -0.332141238504041
4.94998544790387 -0.976444705068807
1.15559353963263 0.891947802632783
-1.58224423157783 -0.987841097184916
-3.784936074837 0.759505589831879
2.86035329136276 0.283462917216854
7.78352054534059 1.01859381545992
2.49500564233637 0.529013822633006
5.39668143882705 -0.742499026501254
-7.81096323082684 -0.99116797317879
-2.914306820301 -0.328392371591721
-5.01517802622882 1.16526434895666
-7.2415261880984 -0.870188261197153
9.49273059117985 0.0784013757062746
-3.95385948401887 0.859208741342212
-8.50141321475717 -0.747962528359191
9.60389260449025 -0.170914373657342
6.46352138438049 0.206264629007051
0.655728007558556 0.608352400796295
0.71030783943176 0.592894653148145
2.79684205911804 0.412344622981969
-6.74752100151966 -0.482781411662171
-3.28820968072338 0.17463761560968
-4.98589034449852 0.981638224690767
-8.63007448556984 -0.931971675988644
8.71899762750323 0.701314944136852
-7.91778288625341 -1.03645715517517
-2.15381969173764 -0.780384901981922
-7.6565618720162 -1.10132336520101
-6.46226578509339 -0.220334860826288
-3.48489667126086 0.263537516475426
-5.92144042810058 0.251766533920514
-6.6385184822812 -0.579620973234983
-7.33905787875986 -0.619483464948825
-8.47755938257268 -0.710554633747425
-8.42583681710049 -0.869579241390963
4.10249024945045 -0.858288126480652
5.78708810473664 -0.51782930919755
9.19546591975977 0.10034991512833
6.68596664412854 0.439885624631352
-7.72110313511012 -0.994895796222238
0.961145629937068 0.831698104127661
0.833745665760382 0.706170864823489
1.55930640567336 1.05749297532244
-0.859959720029691 -0.746816568995719
-2.54466464608113 -0.450568047706079
-9.04916301421194 -0.226906690999935
4.90869999604973 -0.973407552682186
-0.891601415988868 -0.816682616909194
8.98773036282745 0.49661564007971
-4.71528916320363 0.892738214809599
-5.52825978529614 0.802902927668488
7.7576020061712 1.08250031945616
-2.61152506508435 -0.507313712584406
7.50560047461732 0.844200218860305
-5.93016493564903 0.308389007564902
-4.64498940922456 0.880157748377588
-7.04953889983082 -0.640402896958677
0.461080699188276 0.501231616360526
-6.06883877059108 0.0797492713240434
-6.54165744873889 -0.361952862592683
1.23189865670176 0.796461129346458
2.14703824042287 0.927258110901604
-8.11148529533553 -1.00050495617938
-5.32914216855051 0.699755692893275
-5.66278744979869 0.70165018459626
6.61990681613778 0.395086355165206
-5.9703079653277 0.369875130080249
6.77146942129245 0.367603444846129
9.26712339170351 0.131717339301658
5.95143766853949 -0.457525090364841
6.49972947140769 0.130842540589408
-7.54357283196595 -0.986539898436289
-5.29814293060334 0.659243190372521
6.19638061149361 -0.176274528394067
-1.69901285046621 -1.07017547319916
-3.03239086604637 -0.0767057662149689
5.02104150327984 -0.852646360844184
-4.76347137723411 1.10419384092564
-6.39640417678735 0.00455100287683692
5.64321727135076 -0.682102806635827
2.05815068444257 1.00232691307366
-2.76891545403453 -0.560767913340825
-6.06756194752365 0.217369861402804
-6.18032289859819 0.0271911708337601
-8.46040139115774 -0.83494662305784
-8.76679883250421 -0.689988654049117
-0.544107869835894 -0.588444599338176
-2.99468285279623 -0.09710133245219
-2.50154537944943 -0.64952070828444
-3.83028940886272 0.672145532494172
-5.33003169505779 0.824711251574498
9.74112118919283 -0.273408945460838
-6.50804961850117 -0.294036671760137
0.556958036258964 0.40292109536204
-4.39981661201816 0.904102797641358
0.969379386804803 0.976530323039891
2.13292914976311 1.02107157468934
0.659906159516105 0.509131198346464
5.51726954205357 -0.739581538701979
8.37554567714302 0.953925565719426
-9.33701141090329 -0.159782898491004
-0.71760725814673 -0.658419342311795
-7.08567802258367 -0.568250750204993
-3.48412327544501 0.317443842387921
6.34014950738619 0.0537116799115348
-4.72758483082668 0.84804664377485
-5.91386455668837 0.302014254388737
-6.49859559965009 -0.287989665594558
4.25544970128569 -0.91246755993207
3.87703166558707 -0.78523632704495
-1.29370626892122 -0.870610403792456
1.12591781218578 0.870180128589371
-3.26284686238977 0.0933058147149798
-1.39313985133969 -0.985120283300377
9.46141433807538 -0.155717436998034
2.5586866863467 0.480900753486124
9.96379310417244 -0.664988843798726
-1.26518216781937 -0.949027020381493
-5.15718756405029 0.948647083499643
7.38483058916496 0.746609885258466
-8.68884856922223 -0.79533901761763
-7.1470794416065 -0.673896392333684
-2.11293322452204 -0.804245656725279
-9.84021283314587 0.205886645001678
8.10872021870547 0.78456945317514
-5.56090658879638 0.642708878874719
-7.97789718803722 -1.01703200206736
-6.04609496144006 0.377680294133997
9.27861169248604 0.180523876822964
-9.72749355284792 0.381942024357584
-6.62895646553262 -0.313863974470448
1.90157531003782 1.06184156133287
-7.25693182439674 -0.95733852709946
8.28531502622976 0.909741255842171
7.60744987292312 0.897451288620458
9.78678008994554 -0.247331408094003
2.70040385283356 0.263234711261571
-1.04151838052845 -0.772229894816907
7.53174245137107 0.895091049331656
8.93151718012218 0.602579868685918
0.386392090389984 0.504613723039157
5.12129810100397 -1.05275241680532
-5.0831487599606 0.92941685929588
7.40854032799055 0.870001794128379
-1.44919535240099 -0.871386278772542
2.28971671602908 0.693074959190459
0.89168569398753 0.97076360960481
-4.75243250941103 0.924452736433641
-3.71714773434893 0.560436797199361
6.27618579061302 0.0176106269829337
-6.27916510386633 0.0657170164603794
1.02585425493225 0.78365383369023
-1.79851097931097 -0.861783108517641
8.83829251004079 0.690498520833747
-7.14016093361988 -0.670743918525387
-2.27716598846376 -0.788444652751141
-3.42217784518767 0.318250588564949
-5.47940595007331 0.646461341685431
9.08100368511706 0.210980662156829
3.34796583981415 -0.182199314197036
0.515341686058967 0.475480145396263
1.15518370216362 0.87155036083817
8.05868469445275 1.02385700497895
9.14691440630103 0.112995922918256
3.9118699414689 -0.674754507211654
-8.59387726679116 -0.421911111398769
-9.98771211211556 0.558215406870557
-6.23280690484405 0.248838528649995
-9.99721593774555 0.379659320088131
-9.95433279458231 0.434225816196394
5.44033756949541 -0.671188912939584
5.48629818999559 -0.713213159501623
1.45665465718334 0.942091911256579
7.98668452267755 0.925474795406239
-5.07578586940336 0.994178562728217
-0.00417954281193111 0.0120396402269088
4.01270409161862 -0.801419078042247
3.54666779191785 -0.382345377490284
5.00664371318556 -0.973614001063418
-3.4540646201355 0.390253092875099
-9.168531622926 -0.240681918985006
-3.01428807974926 -0.0598660550569168
-0.268412002168661 -0.403309654951298
3.32051813156677 -0.131887433026404
4.97660354620179 -1.00510570485701
-2.19066745217166 -0.87904076558274
0.687663790978332 0.843805888279414
-3.20734814743502 -0.00228185396812181
-0.65185731963828 -0.726106992631794
-8.53179322339735 -0.779769119845825
-7.66179379624466 -0.940301600408722
6.79468174122365 0.461815041653177
-9.09395895432164 -0.512601132046098
4.95817937284148 -1.08068329416753
-6.12816178383313 0.0685554364081489
7.13541585494077 0.73470078781176
-7.45233353364524 -0.917939529220274
0.979132829095571 0.808886542206801
1.11587808048749 0.974059196819388
1.64644970559845 1.00467163651587
-1.48154448552847 -0.982563601602558
-5.97551411268565 0.394115062502137
0.280567662748449 0.208093013346114
8.10210060602378 0.888649119825737
0.125846448919919 0.067784650323005
-6.84492096217513 -0.543150424145219
-2.08387116038022 -0.888355305961548
3.0454629135892 0.00131907209434452
1.63674438448473 1.08773069439264
6.77782173019102 0.317876313010941
7.60951814419372 0.99600499475405
-5.4704087937614 0.736963035430848
-7.92974656873694 -0.924642862684528
-8.2673799211567 -1.07990716190942
4.2792836114003 -0.840003576840387
-1.22668887117625 -0.854928711861654
-4.2871344741379 1.00839997601026
-3.07112820403507 0.0451378352895217
-7.97938241445015 -0.917665038928465
-5.26911726582765 0.984463033918325
2.56229335559609 0.512324616795779
5.79129260764165 -0.639354515215084
-6.41525912291032 -0.0165371863306732
-0.703453807197956 -0.891539877804149
9.20141628143876 0.201928479817257
3.10216366337251 0.0757371880449878
-3.10554292212913 0.0113462183959795
9.43871017646181 -0.0571042228809873
7.51695886913425 1.06984006949397
3.57738924782962 -0.220914407017715
-1.04720040078124 -0.879357889873238
-1.21820035827097 -0.826548761826758
9.57273789221894 0.0260397202668918
8.5112221066071 0.891984703913633
3.03896428248901 0.115532333710404
8.54092172582383 0.910102540897668
-8.39735147334476 -0.851767207585502
-3.9641013591597 0.852475360455592
-9.39571795792064 0.0015453757213024
1.25670071312401 0.970123995695742
-9.29157129055076 -0.136361355284298
-2.91407444840734 -0.216813586166125
-4.38120030379663 0.904849360266791
1.52813571950929 0.830547312909928
-9.11235005326541 -0.285373862984536
3.8570097026165 -0.594826127286768
7.21014717536712 0.987019847026797
4.29409962040683 -1.1055737246209
-6.14100194167488 0.146461317885928
-0.858756272979862 -0.755152555638368
-7.93948146744656 -1.10068733620357
-8.29552926092234 -0.957601264720206
4.53636210557522 -1.01621515225771
4.03354654004382 -0.855119035890815
-1.6451267476522 -1.03507874106842
-4.29644636761381 1.10662996230307
0.588151032997033 0.467756024102897
-3.61349927807559 0.339519279450537
5.83922698570599 -0.371391115500851
3.90046849768664 -0.694948936509251
2.7252075180794 0.223735386101337
6.01950193679844 -0.324558418726393
5.03123581590253 -1.12691600821796
4.27761273746752 -0.729979098386888
-6.19988760292852 0.0833899005358187
-3.72506126451701 0.56721675979947
-5.54892732241633 0.703460036097168
-1.60103489534191 -0.895306905856652
-9.72539375752057 0.335066036310031
1.65076907732178 0.984437530542402
-4.24018610747941 0.916514235125835
8.19607202927848 0.898458402788955
3.74114637531618 -0.557568523147955
3.24266537861678 -0.283373158614152
2.56948848204618 0.462432641483987
-3.85789381026158 0.689224005204267
-5.89556089203021 0.346823773633881
-3.67516962801961 0.424677326426121
5.73386005314437 -0.480769316777291
-2.76144358319212 -0.326306035158522
-8.27231358551741 -1.05233045946341
0.458504941978156 0.552474468124738
3.08790603066966 -0.010484985219423
-6.26211413406604 0.131990797141073
0.0364873212772121 0.0713140599866863
0.676780805790109 0.624191450838505
-8.73004354132658 -0.808152551822518
-5.42437083975326 0.640976911323137
-1.56443830513685 -0.867283540039495
6.11356118723143 -0.0618926264075709
-8.6903297860978 -0.852396823877378
-8.86466532053808 -0.413907283596222
-5.7901840122475 0.462974772701682
-2.62509252690888 -0.583658748067041
-5.45133613571742 0.712325441940265
-9.40509965381523 -0.0202751911936787
1.77138122266637 0.998022784949497
8.75916772034481 0.719871441435252
3.08631902032 0.00177843561543611
3.31414483532754 -0.11944663455895
6.93537296317696 0.560279975304523
9.68563828236462 -0.149640533945719
4.22545182220121 -0.784910931465338
6.23132725985113 -0.232053272602388
7.1826584256755 0.758976993775246
4.43208686738272 -0.774011186867392
-6.42702348960225 -0.0354035478094522
7.01099719642042 0.491959133086594
0.0510392624622895 0.201185573381084
0.400751838562005 0.428617868891817
-0.382962957389392 -0.47155959737976
-9.6731780374455 0.0818957957366215
-2.69313111049366 -0.306861651565307
6.84528237456237 0.612984798958987
0.687564113163852 0.730869419879284
6.389226464079 -0.0149540895808563
-6.92046218539785 -0.667299719152814
3.59446643043885 -0.349136371668346
0.434642209528874 0.348779105928569
-5.38200714688495 0.812122515612382
-3.58238733268775 0.372968671654362
1.47998392732385 0.991661534078734
-3.18725976835561 -0.0724882632497006
0.40837588640666 0.542287508664235
#bash-3.2$ exit
#Script done on Tue Jan 12 18:03:30 2016