#Script started on Tue Jan 12 18:15:58 2016
#[?1034hbash-3.2$ g++ -std=c++11 -Wall -I/usr/local/include CASE2-dataset-generator.cc
#bash-3.2$ ./a.out
#This is the data set for the CASE2 experiment
1000 1
#(input target) target = sin(input) + a + ε (εは平均0,標準偏差0.1の正規分布に従って発生させたノイズ)
-0.634374367561213 -0.485152695371393
-6.01498431776268 0.24384595157738
4.93351687821084 -1.05029943962508
8.30915132805688 1.01586949273234
8.49928655576566 0.815914430204142
-7.44948554208721 -1.05789099455131
-0.258100846639085 -0.447562200943168
2.03577313536046 1.02524644277578
3.90728080999328 -0.855238052350195
6.72894077975827 0.506721472805072
9.72392099276171 -0.322342846050118
7.37226362974431 0.964148708829459
3.12438455914049 0.0414862967010809
6.6799951078198 0.571541331080837
5.26979168993966 -0.89774801283431
2.11587347652449 0.844835960627262
9.59271857730559 -0.14648311051263
-4.51530525476056 0.916046966261498
3.9632281043451 -0.790864584289169
7.87405270108451 1.01140495877744
6.11029100706114 -0.131489107555768
-4.60978861263896 0.907464085411923
5.37684652949277 -0.969501326155642
-5.00689432154724 1.11325182237513
3.99916657586335 -0.755026759098478
9.66541208524731 -0.157301945691031
0.00443296340649013 0.132784052998152
-2.04432061616843 -0.812778442805728
-6.76866097607427 -0.442018791893008
-2.9424146611611 -0.0295164423716393
-0.924145222829852 -0.813876097648092
-9.97750925838822 0.55625936705061
-9.73913272892223 0.17450933048526
1.64632410667012 1.02203192472427
1.8479434168121 0.929833030495951
-4.99940877022341 0.897640614203377
-5.18469074948453 0.900211903164011
-0.211958336298681 -0.143987857584204
9.11759578069575 0.415000195280148
-2.34792140157269 -0.872866023385503
2.15609551599976 0.859139057097845
2.50871942025769 0.499911703840816
-0.290853944120474 -0.0331842851282467
6.67640268702393 0.404279805569465
-4.93884476530794 0.97143940231203
-9.61902204895033 0.169773612311088
-0.118819203192629 -0.19033301299545
2.59998777735276 0.521313216918047
9.03964868270198 0.260979804391603
6.44421222218502 0.192163160103165
3.20427651848189 0.0481992655631393
6.35194883359528 0.0477462986140476
7.49064699452338 0.899760710440982
-2.14683964615995 -0.96068340681787
9.82527049757749 -0.326606388136418
-6.32468578437525 -0.0428294265398612
3.28308669083791 -0.14036163447067
-3.26086559846761 -0.0251320947599762
8.63611400376528 0.750536905084352
-0.622527009163028 -0.570357363969438
-6.39642504140755 -0.201502577431162
-3.72833022585996 0.548937280194109
-7.79531796492617 -1.02560010843486
-5.30960682079445 0.65804810024874
8.13409052508262 0.921788783364028
-1.1044399363308 -0.939183934988069
1.01834817052067 0.912342696885639
0.100251510550367 -0.0690184789192635
3.48696999292029 -0.253699076770177
4.18183134495099 -0.863180906124065
2.53541542614052 0.4721877795788
3.45235386833042 -0.449654296068424
-7.4693842547962 -0.82345016155534
0.758257386977071 0.861513357495631
-7.91057739206186 -0.887763870578484
-3.88259091135406 0.602397758860076
-1.05635300989441 -1.0141836208463
-1.54221388171213 -0.945754277022411
2.36202711813227 0.710570067111872
5.72431774354887 -0.400347555437099
-5.64931136112367 0.588499174625964
-7.79207522249699 -0.99900454491711
9.53459356783187 -0.0326384742295579
-7.21273712577536 -0.796918194606518
-9.0133541052172 -0.508951596964872
-5.39047538466503 0.868192552246369
6.0576908579142 -0.225151666997444
-7.62066959063218 -1.10180935211707
-8.40255060233014 -0.800362799134934
3.58299433678035 -0.341911165112158
-4.35483898477539 0.826853770651978
2.02751585519621 0.851517500809451
0.790004032161185 0.790730941481907
8.62953785797285 0.635620702943481
2.71467788605437 0.397953562371338
-7.50938822608674 -0.917908237522638
1.25428615910978 1.02069268679857
-0.843703425081003 -0.774580148572068
8.92515135650841 0.665445195343894
7.20075246526439 0.678578883002929
2.70993039734827 0.504820439654094
8.55252708443005 0.741440972002255
8.23443383235528 0.965832335814374
-5.0838358667483 0.816527772804836
-0.00843795712596673 -0.0102092212597598
8.52883606105665 0.778691159975246
3.15407099517447 0.05035082464193
4.34612424036733 -0.989671824135325
-3.54687129843108 0.385888951747042
5.44974719432494 -0.689866007893213
8.11114348569539 1.05397040437929
4.90719362263474 -0.788463770756436
3.65736212038274 -0.585043573804006
5.95482782317234 -0.332780253485091
-3.62639864636452 0.704603639687292
9.83883023491882 -0.366604893253128
8.6371289971672 0.580825870455546
0.336728604228519 0.251996145811972
-4.91855596532879 0.910801025247624
-4.14580951646151 0.910085401996288
6.02351038139638 -0.297317377422571
5.80529220529953 -0.347095471577487
0.666589956255535 0.605917510240021
1.16475996736573 0.778278533656995
-2.54958049449421 -0.666505066394145
4.5085272389062 -1.02278562453151
-3.81248015747214 0.461041408271006
6.26782103458121 0.0279390334166818
-9.55583012848265 0.124864752356752
-7.42077280004836 -0.805785365452522
-6.17482471143808 0.133971516448403
-6.4178750988384 -0.146930372017035
-0.862040299397787 -0.742869255707304
3.43163772494419 0.0438160319332435
8.21210992451 0.889194937386776
3.35257449436216 -0.254434611171238
-3.89353193731271 0.625466238781219
3.96862181195123 -0.86924001480815
2.21844571181441 0.876204673404411
-9.52032714537505 0.0749714355977548
-4.95978822409419 0.969513831222918
3.3252579327306 -0.0944229991065709
-8.29106990367862 -0.954154849495281
5.28831442669309 -0.771521910704139
2.9790181039725 0.0475526167828387
-0.734694317303585 -0.434883085952301
0.957197832738865 0.916967266964385
-0.11447407001684 -0.100970522294634
-7.33646618138951 -0.801996842012292
-8.87081308528034 -0.462567466393586
6.8608915572113 0.577106511786405
-1.1115458725319 -0.870178659097437
-9.88991612650618 0.642177152252055
8.59245916870254 0.628238132140913
4.81921972426769 -1.03965689821511
-0.712573701054737 -0.610184966253615
3.69840408344536 -0.592653422767917
-1.37732445435063 -0.980332524302231
4.68392485638718 -1.04614160385977
-5.9538057715605 0.288242563204936
5.31656648073612 -0.6564234309262
-3.63992387554517 0.305594768950991
-3.51990641688247 0.467620805960384
-3.77285915998644 0.704111583877337
8.87335798470699 0.42251605503465
-8.63250618636199 -0.740034960346589
-0.531191391709958 -0.693837198601215
9.39895081448896 0.0653568085354939
-2.993220449674 -0.111670195791326
-0.234091469457002 -0.257336349284844
0.753461027937545 0.7812079189341
1.79194250274634 1.03268263893157
-8.84396242169483 -0.590484320647271
-8.67093735271065 -0.713325977612752
7.75421168577213 0.915387974055976
9.99894346785518 -0.601890123184524
-6.49785980981807 -0.153480273839046
6.19341502176747 -0.146428910679802
-8.60707473528646 -0.631925191198342
-6.73355987882603 -0.605623891255214
-2.23515130768885 -0.817605680482459
-6.91000937416407 -0.45884519104842
-6.99982221447579 -0.819053443279196
4.398380885271 -0.913159795628896
-2.348560832435 -0.782887233660507
-3.8402027741618 0.693196222676786
0.723250591726867 0.639102732689055
2.71672626288279 0.390206746707939
3.2969829570957 -0.0418303091922804
1.15672099793071 0.94183841951074
2.39969334078179 0.66284350805074
6.32316702608448 0.207441403456608
-3.04847947977101 0.276671534007144
-3.62496147976839 0.379304000208306
3.57559461702338 -0.524492563909534
3.38624232404081 -0.194295389296332
-0.75116792807221 -0.688336888637064
1.23512251470414 1.16600789876833
0.385824871973339 0.254534179663314
-4.68438442996164 0.905189579755791
-9.24636515381191 -0.322098021076968
-7.72248779030884 -0.782610431151384
6.14598836608233 -0.177845005047209
-2.86547036508738 -0.207192097432208
4.75138989097891 -0.953799845330326
-5.90104086714162 0.338681581942596
0.466754061720779 0.454783125227652
-9.95976166441275 0.636986012153003
-9.53312895418141 0.15441274274669
-0.843380450717094 -0.646644560665563
-5.36239521477732 0.70979676023656
-4.36296718140031 0.731853389323542
2.91493545037985 0.105552153607136
-4.46246278039404 0.90637415496909
8.95549048626217 0.344616768671387
6.51140601092133 0.292110010123908
-6.53374242957126 -0.119292700326406
-6.27359199643365 0.177220869419515
-0.398701346298111 -0.26158986365233
0.884856342517352 0.664618971968146
-2.66238537602416 -0.447972184604517
-2.67658658578142 -0.321745948922689
5.29306799732626 -0.715437947642748
6.52407623717344 0.437130428856461
-4.13702278673423 0.563836023963715
5.73564219466884 -0.660739889609123
-9.09508011577584 -0.467415075537533
1.30444094850604 0.894027972018316
8.6544616695523 0.782264419859448
0.344925700559166 0.268536279507763
4.29266350687183 -0.904912551347336
-5.03000522280667 0.927473246196509
-1.72686872599878 -0.983714659628646
-5.69318943427202 0.677998187247376
4.23656210126656 -0.835798950508673
4.11221525619439 -0.790665018887424
-4.8778801579291 1.01591642431055
-3.46535529683313 0.409204996889587
8.1617968977073 1.08140850599619
-5.67233516283833 0.824546175233522
-5.25358970250107 0.748702888155315
-5.66636706809482 0.608604758775755
4.74457189895108 -0.792977715872109
-6.70251015561701 -0.373946678548085
4.79981472192405 -1.10001586488104
-7.29681952685734 -0.855712872408011
-1.48901379889215 -1.03957361680827
7.35955169577468 0.747780510232792
-7.07785528217493 -0.720344218784646
-4.3211604188819 1.00726771181581
-5.84959157366041 0.532778521700664
-5.39300739260401 0.845412231543726
7.03272440655432 0.688465053480037
-2.68673190535022 -0.470786095885257
3.39645653110568 -0.14604002328976
-6.03253108863251 -0.017879608913571
-3.75018642733686 0.49500702917112
3.44401173609057 -0.288568729815552
6.29122254800348 -0.0578364483941654
4.21920880680577 -0.730781579505297
8.59124754902144 0.789398826331168
-0.524589969554091 -0.396795586431235
-8.83362019956981 -0.45308623827699
2.30720481679614 0.741330506851509
0.717911661301793 0.726029442130196
4.86712835308923 -1.05134606292006
4.74528639753771 -0.963855689275013
1.01028705017305 0.857734238388661
6.97143985196125 0.588807219862385
8.68185903998958 0.60898670676651
-4.79207541526483 1.03890445032038
-6.64722389048604 -0.206195846253085
-8.01888935363415 -1.01135816822436
7.88321439164674 0.969457243538962
-6.69035851388781 -0.347292824456179
5.48827194435135 -0.816067289923742
1.86382489516917 1.11608134474144
6.22133175030334 -0.0918916778807314
4.45628870164525 -0.762530486437924
8.12237381600159 1.01543237066775
-9.53368301093818 -0.0839250038041411
-2.86245733877197 -0.143437554281301
4.77140167960193 -1.06065358816361
6.53646454592392 0.255111321569719
-4.01088989179781 0.8166328992252
-7.31510100687037 -0.701064504738596
0.40227816167458 0.313781432834207
-4.72038419652646 0.906579229654895
-7.46546858335939 -0.950968837512017
-6.47737951972809 -0.304203593775368
-9.5938287477908 0.00127812929480009
-4.90778242399187 1.11050611341862
-4.41092281697753 0.652123703059508
3.20767457878222 -0.112589650347468
-8.95852669823683 -0.376882249068447
-0.591387147049895 -0.604833406832218
-4.66684150286294 0.955406198913716
0.31424032179431 0.324769213762791
-9.07491941984477 -0.231231785911184
6.72631090843198 0.388434799694723
-4.1767855350169 0.916758638346943
-6.52926867642227 -0.332729781559007
0.317217866562622 0.312846222973956
8.51266711751047 0.696807882679959
-0.330757295046224 -0.412233023959071
-2.39896754732144 -0.629821990345269
9.74182864177919 -0.256631942853752
-5.0421806027492 1.14377914315284
-4.95464496518834 0.959481226549387
0.675802871922777 0.624658929610197
-3.2965970175014 0.25246563869101
-7.78309228090608 -0.999041831965585
7.06233342009241 0.723739287559053
-9.09916264250202 -0.352056706443496
-8.91556723478941 -0.642108319314069
-1.03665129193798 -0.872885023784234
8.94724365382607 0.658909932608427
8.85237143360967 0.521135993613754
1.82867100093326 0.857625279743489
7.36419329270553 0.912710772902116
-5.98587633365884 0.327709906214735
7.19496457475923 0.808117332610473
-4.68167646376135 1.06325447007736
4.10988859682351 -0.908957851327624
-5.69400101335705 0.585345621098457
2.29539765559304 0.662201704993784
1.65631622990808 0.892485819874055
9.55021236296105 -0.073942935295181
-8.00086387932212 -1.00883302732331
-9.01035330411618 -0.542354906511073
0.567533502154502 0.719397420194317
1.9705459075279 0.988754371554511
7.25788534767265 0.94700473745554
-6.36483924636401 -0.232196505174058
2.76307130345359 0.408504312577261
0.108123415884037 0.112881700864001
-0.529941410783811 -0.505917099705186
5.92199503130659 -0.351349516785057
7.02943523144641 0.701221827576495
-7.76180919858863 -1.0584491855012
-2.98266314667659 -0.138564578216483
-1.70894234611105 -0.963678088092964
-6.10450671778261 0.113602680726913
1.17623279476256 0.929211854479585
8.19541510179132 0.754012747984212
9.25862588023228 -0.0109256819517432
-1.06695712625358 -0.868933136206591
4.83325303498769 -1.01470835082041
6.50523270895663 0.254452192208484
-5.98362882832791 0.388449350427866
9.32859337279479 0.153489210347483
4.13084257690778 -0.736652386240347
9.83933003331608 -0.646073252927801
-2.46818506906346 -0.61362780182219
9.9288691409671 -0.489425343081082
-2.4552955374848 -0.485824221201204
-6.65601814198937 -0.52627904444972
-6.11147223252491 -0.0562551111455303
-0.399802407706558 -0.293544994356158
-8.11121642577457 -1.09729759078834
-2.67414005024915 -0.337841210458907
-5.03788285090728 0.926929539257742
-4.55143048211519 1.18468492943035
-6.23985585333586 0.0826427409004202
-4.68025740480793 1.06296631156831
4.71348854877147 -1.0029941076394
-5.85343368179051 0.491851138524371
-6.9851143752378 -0.541675008478251
-4.73491620343199 0.974822590826501
-6.1414246552135 0.233074840841264
-7.62892118786685 -0.918915045067695
-2.41886696614106 -0.498597372452078
-3.70124643832796 0.620364968849875
7.87073748214227 0.966058915886586
9.24351879549678 0.221719384104415
-0.303942665561873 -0.167995130617135
1.27974626675377 0.856823711769326
7.70225472837553 0.835837711901009
2.17458629886284 0.759214968279387
-4.86730344557851 0.962600834517888
-3.98586729580362 0.683939036148276
0.316934453956623 0.414420919071712
1.19350038358537 0.982038208473642
2.08854725936693 1.03858173198738
-7.94747164332644 -1.01594460725574
-0.802711974907931 -0.613055715795756
-6.72035008071036 -0.225983782838266
-7.4500495797976 -1.04174282849893
0.684502072271673 0.678020367407776
0.846872570470952 0.594277973014965
-2.76994199416791 -0.383566971605086
2.78536151044641 0.41000835484701
7.78499036583288 1.00225975345349
-5.34918901178345 0.630158893220656
0.0572160920837312 0.0615530200342671
3.16841984747026 0.0475636943106564
-3.13169602509397 -0.0543275370709938
0.989621002052409 0.681510617257838
-1.71780080640339 -0.920035545392174
-7.05254274639601 -0.661959628838933
-3.94134963823638 0.959639844926074
4.35153503628758 -0.832455326850364
-5.38541341965391 0.666886996315949
-4.07337200490755 0.65224657084178
7.73697644083591 1.03114053376079
0.631709923505603 0.490299443956251
-3.41571521124771 0.230841474223821
-2.30787018098196 -0.82971757662424
-2.74088841266693 -0.311910825021291
1.85547862746309 0.921631461085297
-4.37563605679138 1.00282388945573
-7.33777595615302 -0.872028557054011
4.26648322092004 -0.894900257558204
-7.0951709430242 -0.651341347158866
-3.56068909234025 0.295102151370697
4.41342433239801 -0.982000029468996
-3.21708752856135 -0.100358492568295
-7.06737914103856 -0.612435538044598
-5.06021401646123 0.993210906184732
0.874387704842551 0.728220911190725
3.31956811442473 -0.193610288868712
6.74487087659104 0.620652007425489
4.66289788096832 -0.882925840266193
-5.52918560065873 0.860070346067782
-2.5174717799628 -0.627662571446815
0.565054324935719 0.637596763951632
4.52674654878741 -1.15619827505477
3.24485308400553 -0.228569819838461
5.02811276234564 -0.858271806194756
7.21444764434916 0.790494013350865
-8.20750693136869 -1.04201121375045
-2.45000740233113 -0.649158571442241
-6.72342280866679 -0.448769966141819
-0.295321566191799 -0.206472893529155
-0.199247062497509 -0.259951138446719
-5.04381789565356 1.00364745929429
1.40867429169192 1.1485497816884
1.54662962171839 1.04602918942972
9.41879342067874 -0.175811468947511
-7.10697453062837 -0.582030129861556
-1.01573352713914 -1.12016401723298
-1.78575418775367 -1.02009861983387
3.15883231181373 0.0254428135028258
8.66426002789454 0.674501601947598
-9.30850608982226 -0.141365714192602
4.56489462185285 -1.06857563181032
-3.46747002841016 0.479334135718469
0.0505576761137423 0.00230478735403068
0.79658429800177 0.726500227761796
5.27072382977383 -0.889247060552937
5.85669760205786 -0.394656817568537
-4.28607477349648 1.14424895334603
-2.02998509129873 -0.828022839288456
-2.5297948146535 -0.703507807164675
-6.66072028191397 -0.547763506199639
-3.42480856686794 0.141414185986916
-0.164153155492876 -0.0164202345919888
7.49093777855726 0.973127916868085
9.10665479457446 0.138963727123759
4.57297205083408 -0.870850768912486
-6.76713688180441 -0.563017560764764
9.15874051008277 0.320125295457063
-3.57063571934497 0.449989652361916
8.02243532954164 1.08970449740846
8.80393911782939 0.615170957289831
-2.01845021359413 -0.961635759160609
5.87814021128255 -0.304434649088226
-6.12016222870428 0.193010092163183
6.46943357820836 0.449496925829333
0.931472791501392 0.728125109244955
-5.53704320228347 0.822753413202004
2.65569312106319 0.530821787622078
-9.26972756293758 -0.359341984453149
2.31575739714352 0.78215764075444
-1.00720974149874 -0.710384451972601
-3.94695811349695 0.839781841585419
-6.36370284475538 -0.144372251109956
1.49943548827508 1.04051760070964
-1.95188141066428 -0.942994806189179
9.16076127729904 0.306319547670896
1.13897086189456 0.833568091244255
5.48095311017838 -0.774400864516307
2.81557140020785 0.321845501521105
-2.45177005772415 -0.78684709495487
-8.55224680948455 -0.703958295319954
3.29981704715069 -0.0153251293504479
1.79818357168092 1.02520566050395
8.58657149597691 0.827025947594356
-5.06577302899695 0.818301417957477
-7.61689468760467 -1.03382630965618
-7.00021448464649 -0.686839300540641
-3.48256324537515 0.242585941813241
-1.43875036684799 -1.00330962063455
8.8019140493807 0.74240427627329
8.27204619274635 0.886034909774538
8.79752174368301 0.497101987572639
-2.35707489798077 -0.582836318288624
5.80962796533117 -0.467105895031353
6.61698142971156 0.445957910590396
4.25015798321987 -0.819190420797971
2.33788532635644 2.50827169881445
3.77240558545595 1.48838862817271
9.79981573201742 1.58430576816554
6.74981887228839 2.4770742406221
8.04743172814494 2.9229766788367
-2.20784825466766 1.15886371311979
-3.59232054327843 2.27144935586126
0.425346081133748 2.28305922156761
-8.92724698874184 1.63351077462803
-2.74740515461824 1.9387226394712
2.24232099811409 2.64802006024981
-2.28993428370675 1.14541702490711
-3.00272190511436 1.78116040052548
3.0350749189539 2.13035360897258
6.97058616616122 2.81714129877763
-4.81525252382114 2.89916417775845
-3.99037131113625 2.73463379364628
1.37901326405508 2.91407464279072
-9.78205250178645 2.39094132163157
2.92205717928945 2.2114728722996
-6.45859823521299 1.82035198132523
-0.933376632927656 1.10296506161022
-2.57503322460549 1.41964659494034
-9.4889286188846 1.96663333165005
4.33916352736453 1.2001004097002
-9.84328732027407 2.35776126910323
-0.868252033280983 1.14347986300841
-8.71138653250648 1.15878700492255
-9.86944038340155 2.46923103626971
-2.57938501989012 1.4216859690068
-1.28301374520199 1.07394540032836
6.34156714801351 1.87513305513062
5.8609049570331 1.54501720952583
4.5126042455726 0.966165769467243
9.55157817677871 1.73795597130499
-7.56981241124805 1.05355518810121
9.70404273636219 1.68993268231722
5.07608538183099 0.92575645386785
-5.44717423392966 2.60933242506737
4.59781002474184 1.03637915808732
-9.00313191891497 1.633634172213
9.75306258552167 1.71177908929995
-5.89221952163927 2.33763005326748
-6.77438622677666 1.608190610006
7.57945461357482 2.96317525867339
3.63861454282492 1.38665200993008
0.32004110378714 2.31978306939177
3.02590450610275 1.97091099128678
-6.1330236716866 2.18630533758224
-9.32755983581173 1.93291954594417
-4.21678737255749 2.94053185671909
-5.20152520466827 2.79893137573191
-5.02033466781618 3.06007907650629
2.52091380124266 2.51581929813323
-3.52827552329731 2.37024910099103
0.392328971086307 2.46897037837573
-5.38689800131644 2.85822252830109
7.76551168646332 2.95249665648104
-3.76847475995623 2.58502009218313
2.0599095359018 3.00666505336116
-5.30900099858825 3.00505390802296
-3.38919209343076 2.07669911545054
6.26863773762495 1.92627997347146
-5.79729674259115 2.42121069135646
-5.16223428890698 3.07855151478883
-0.460430215996738 1.43832333907805
-5.46459580197223 2.55341392265094
9.66012661808319 1.73211821330283
-8.08028755211337 0.898126040409819
4.45197382454828 0.945705695628096
6.02675536808633 1.89122813686447
-3.9672293217585 2.78841865130075
7.336001981155 2.81870777467124
-6.80353498825736 1.44101944412029
8.87246830464315 2.47529686777241
-3.29553717261664 2.24655002466979
-7.76923269029145 1.15434202981987
4.70236424837903 0.961776601662371
5.59416985241648 1.52602505500539
-9.35737504537548 1.86100277194524
-8.55287899163945 1.26881676941698
-0.070725694322114 2.03968191296903
-8.25686333417591 1.13012522318382
2.33515446940038 2.62266794274383
2.00336823335103 3.14564613019111
-6.91010468328106 1.28384824743413
0.813103883987825 2.91084751556707
0.643673452432568 2.48040157663237
2.14064919741733 2.93427872665283
-6.97321377170387 1.28105125930709
-4.94380844320297 2.81045945508889
-7.54895142534652 1.07860873704301
-0.242274354275049 1.78765787365681
-1.44420797613 1.04639327014876
0.863046469313201 2.71552782071519
6.06144511123831 1.81777552646339
5.13134475277366 1.00216454219384
-9.72766434410476 2.26177458552087
7.89986585188213 2.99232641767272
0.752955660329928 2.56435846413669
9.35629338721537 1.90885342991351
1.39650865015851 2.88356354739207
4.37524630105366 1.06403188440759
-4.33881276830902 2.96318366341747
-1.33920291341691 0.934542304297281
6.05634850603282 1.76186041140039
3.11208615606284 2.16601378960218
7.78860236785296 3.07617203224282
5.73061312609839 1.48915907759087
-3.85913718433429 2.54760154009627
6.80184075679428 2.68195478339132
3.16154675283377 1.93469723981884
9.93238745811184 1.55772085509138
8.05619007758079 2.82543136932314
-5.8685312706614 2.38935850413827
-2.31159018089955 1.28276530203551
-8.85515645383249 1.57865950878661
-8.55107832195188 1.14791645226678
-2.41392987242476 1.36538514920747
-6.69938631306639 1.63074281683185
-9.33757473639822 1.93500933217146
-0.0244920748995767 1.89166061105857
0.379356275930345 2.51256411396506
5.08731108547714 0.973991958659284
3.65763704424307 1.44949492032455
-4.92074780618375 2.87199672521815
8.10169534606425 2.97249427839726
4.32516884195696 1.15131903046139
-9.09531249987916 1.71837918108508
-8.08790422242532 1.20829769287022
-0.891855118965287 1.37524100785411
-1.35792110677276 1.09723201850646
-0.735665469238032 1.28652457654379
4.12374754879256 1.2437814354602
-8.66560674236859 1.42496919197536
1.14378386399656 2.87020143160717
-3.02344583434402 1.9005037365525
-2.28102631153899 1.32328961415907
4.92316228952452 1.08194371847684
-7.2038492999075 1.05473713685964
-8.88268673005735 1.57244718041161
2.14131517262102 2.93004568791212
-0.303294785791248 1.7958176951536
-8.45298845448548 1.33727716550603
-2.4461721529122 1.40251200522233
-8.21053856873031 1.02474560211984
5.66332219839988 1.48166021019222
-2.12165185574699 1.22521268447039
-8.96093602999118 1.6204220987715
4.57855131697212 1.09863169890989
6.44875077330604 2.29438986972537
-5.90929194555475 2.4051618598971
0.187278283682966 2.3042288042688
9.62783171568752 1.71792365804791
4.23999237021139 1.36561796666776
-6.17925005171494 2.21096917691222
4.66197611208401 1.05490715072302
4.7614779526662 0.990323150901463
-7.22598029931587 1.25023890020149
5.58625190119192 1.2402091846358
3.08442546696049 2.08617201528923
7.2399687768675 2.77069500142865
-2.87058861780199 1.68862870321655
5.50915077382821 1.39809786379749
1.76366630828409 2.87750720623106
6.93076030519642 2.46445982823901
7.56954675002105 2.92848105302737
-6.58970451272102 1.81883191932649
-8.92200588797155 1.51639047642076
-4.55951748984413 2.85810974100027
-9.12024362763108 1.66726546001194
-3.37737738892873 2.16551719648812
-7.53094831686389 1.08484239139407
4.06484675179048 1.26498035058245
-7.70546740201499 1.16911715579968
3.36546640223528 1.66785876149596
4.94998544790387 1.02355529493119
1.15559353963263 2.89194780263278
-1.58224423157783 1.01215890281508
-3.784936074837 2.75950558983188
2.86035329136276 2.28346291721685
7.78352054534059 3.01859381545992
2.49500564233637 2.52901382263301
5.39668143882705 1.25750097349875
-7.81096323082684 1.00883202682121
-2.914306820301 1.67160762840828
-5.01517802622882 3.16526434895666
-7.2415261880984 1.12981173880285
9.49273059117985 2.07840137570627
-3.95385948401887 2.85920874134221
-8.50141321475717 1.25203747164081
9.60389260449025 1.82908562634266
6.46352138438049 2.20626462900705
0.655728007558556 2.6083524007963
0.71030783943176 2.59289465314814
2.79684205911804 2.41234462298197
-6.74752100151966 1.51721858833783

-3.28820968072338 2.17463761560968
-4.98589034449852 2.98163822469077
-8.63007448556984 1.06802832401136
8.71899762750323 2.70131494413685
-7.91778288625341 0.963542844824831
-2.15381969173764 1.21961509801808
-7.6565618720162 0.898676634798989
-6.46226578509339 1.77966513917371
-3.48489667126086 2.26353751647543
-5.92144042810058 2.25176653392051
-6.6385184822812 1.42037902676502
-7.33905787875986 1.38051653505118
-8.47755938257268 1.28944536625257
-8.42583681710049 1.13042075860904
4.10249024945045 1.14171187351935
5.78708810473664 1.48217069080245
9.19546591975977 2.10034991512833
6.68596664412854 2.43988562463135
-7.72110313511012 1.00510420377776
0.961145629937068 2.83169810412766
0.833745665760382 2.70617086482349
1.55930640567336 3.05749297532244
-0.859959720029691 1.25318343100428
-2.54466464608113 1.54943195229392
-9.04916301421194 1.77309330900007
4.90869999604973 1.02659244731781
-0.891601415988868 1.18331738309081
8.98773036282745 2.49661564007971
-4.71528916320363 2.8927382148096
-5.52825978529614 2.80290292766849
7.7576020061712 3.08250031945616
-2.61152506508435 1.49268628741559
7.50560047461732 2.84420021886031
-5.93016493564903 2.3083890075649
-4.64498940922456 2.88015774837759
-7.04953889983082 1.35959710304132
0.461080699188276 2.50123161636053
-6.06883877059108 2.07974927132404
-6.54165744873889 1.63804713740732
1.23189865670176 2.79646112934646
2.14703824042287 2.9272581109016
-8.11148529533553 0.999495043820621
-5.32914216855051 2.69975569289327
-5.66278744979869 2.70165018459626
6.61990681613778 2.39508635516521
-5.9703079653277 2.36987513008025
6.77146942129245 2.36760344484613
9.26712339170351 2.13171733930166
5.95143766853949 1.54247490963516
6.49972947140769 2.13084254058941
-7.54357283196595 1.01346010156371
-5.29814293060334 2.65924319037252
6.19638061149361 1.82372547160593
-1.69901285046621 0.929824526800841
-3.03239086604637 1.92329423378503
5.02104150327984 1.14735363915582
-4.76347137723411 3.10419384092564
-6.39640417678735 2.00455100287684
5.64321727135076 1.31789719336417
2.05815068444257 3.00232691307366
-2.76891545403453 1.43923208665917
-6.06756194752365 2.2173698614028
-6.18032289859819 2.02719117083376
-8.46040139115774 1.16505337694216
-8.76679883250421 1.31001134595088
-0.544107869835894 1.41155540066182
-2.99468285279623 1.90289866754781
-2.50154537944943 1.35047929171556
-3.83028940886272 2.67214553249417
-5.33003169505779 2.8247112515745
9.74112118919283 1.72659105453916
-6.50804961850117 1.70596332823986
0.556958036258964 2.40292109536204
-4.39981661201816 2.90410279764136
0.969379386804803 2.97653032303989
2.13292914976311 3.02107157468934
0.659906159516105 2.50913119834646
5.51726954205357 1.26041846129802
8.37554567714302 2.95392556571943
-9.33701141090329 1.840217101509
-0.71760725814673 1.34158065768821
-7.08567802258367 1.43174924979501
-3.48412327544501 2.31744384238792
6.34014950738619 2.05371167991153
-4.72758483082668 2.84804664377485
-5.91386455668837 2.30201425438874
-6.49859559965009 1.71201033440544
4.25544970128569 1.08753244006793
3.87703166558707 1.21476367295505
-1.29370626892122 1.12938959620754
1.12591781218578 2.87018012858937
-3.26284686238977 2.09330581471498
-1.39313985133969 1.01487971669962
9.46141433807538 1.84428256300197
2.5586866863467 2.48090075348612
9.96379310417244 1.33501115620127
-1.26518216781937 1.05097297961851
-5.15718756405029 2.94864708349964
7.38483058916496 2.74660988525847
-8.68884856922223 1.20466098238237
-7.1470794416065 1.32610360766632
-2.11293322452204 1.19575434327472
-9.84021283314587 2.20588664500168
8.10872021870547 2.78456945317514
-5.56090658879638 2.64270887887472
-7.97789718803722 0.982967997932639
-6.04609496144006 2.377680294134
9.27861169248604 2.18052387682296
-9.72749355284792 2.38194202435758
-6.62895646553262 1.68613602552955
1.90157531003782 3.06184156133287
-7.25693182439674 1.04266147290054
8.28531502622976 2.90974125584217
7.60744987292312 2.89745128862046
9.78678008994554 1.752668591906
2.70040385283356 2.26323471126157
-1.04151838052845 1.22777010518309
7.53174245137107 2.89509104933166
8.93151718012218 2.60257986868592
0.386392090389984 2.50461372303916
5.12129810100397 0.947247583194681
-5.0831487599606 2.92941685929588
7.40854032799055 2.87000179412838
-1.44919535240099 1.12861372122746
2.28971671602908 2.69307495919046
0.89168569398753 2.97076360960481
-4.75243250941103 2.92445273643364
-3.71714773434893 2.56043679719936
6.27618579061302 2.01761062698293
-6.27916510386633 2.06571701646038
1.02585425493225 2.78365383369023
-1.79851097931097 1.13821689148236
8.83829251004079 2.69049852083375
-7.14016093361988 1.32925608147461
-2.27716598846376 1.21155534724886
-3.42217784518767 2.31825058856495
-5.47940595007331 2.64646134168543
9.08100368511706 2.21098066215683
3.34796583981415 1.81780068580296
0.515341686058967 2.47548014539626
1.15518370216362 2.87155036083817
8.05868469445275 3.02385700497895
9.14691440630103 2.11299592291826
3.9118699414689 1.32524549278835
-8.59387726679116 1.57808888860123
-9.98771211211556 2.55821540687056
-6.23280690484405 2.24883852865
-9.99721593774555 2.37965932008813
-9.95433279458231 2.43422581619639
5.44033756949541 1.32881108706042
5.48629818999559 1.28678684049838
1.45665465718334 2.94209191125658
7.98668452267755 2.92547479540624
-5.07578586940336 2.99417856272822
-0.00417954281193111 2.01203964022691
4.01270409161862 1.19858092195775
3.54666779191785 1.61765462250972
5.00664371318556 1.02638599893658
-3.4540646201355 2.3902530928751
-9.168531622926 1.75931808101499
-3.01428807974926 1.94013394494308
-0.268412002168661 1.5966903450487
3.32051813156677 1.8681125669736
4.97660354620179 0.994894295142991
-2.19066745217166 1.12095923441726
0.687663790978332 2.84380588827941
-3.20734814743502 1.99771814603188
-0.65185731963828 1.27389300736821
-8.53179322339735 1.22023088015418
-7.66179379624466 1.05969839959128
6.79468174122365 2.46181504165318
-9.09395895432164 1.4873988679539
4.95817937284148 0.919316705832472
-6.12816178383313 2.06855543640815
7.13541585494077 2.73470078781176
-7.45233353364524 1.08206047077973
0.979132829095571 2.8088865422068
1.11587808048749 2.97405919681939
1.64644970559845 3.00467163651587
-1.48154448552847 1.01743639839744
-5.97551411268565 2.39411506250214
0.280567662748449 2.20809301334611
8.10210060602378 2.88864911982574
0.125846448919919 2.06778465032301
-6.84492096217513 1.45684957585478
-2.08387116038022 1.11164469403845
3.0454629135892 2.00131907209434
1.63674438448473 3.08773069439264
6.77782173019102 2.31787631301094
7.60951814419372 2.99600499475405
-5.4704087937614 2.73696303543085
-7.92974656873694 1.07535713731547
-8.2673799211567 0.920092838090575
4.2792836114003 1.15999642315961
-1.22668887117625 1.14507128813835
-4.2871344741379 3.00839997601026
-3.07112820403507 2.04513783528952
-7.97938241445015 1.08233496107154
-5.26911726582765 2.98446303391833
2.56229335559609 2.51232461679578
5.79129260764165 1.36064548478492
-6.41525912291032 1.98346281366933
-0.703453807197956 1.10846012219585
9.20141628143876 2.20192847981726
3.10216366337251 2.07573718804499
-3.10554292212913 2.01134621839598
9.43871017646181 1.94289577711901
7.51695886913425 3.06984006949397
3.57738924782962 1.77908559298229
-1.04720040078124 1.12064211012676
-1.21820035827097 1.17345123817324
9.57273789221894 2.02603972026689
8.5112221066071 2.89198470391363
3.03896428248901 2.1155323337104
8.54092172582383 2.91010254089767
-8.39735147334476 1.1482327924145
-3.9641013591597 2.85247536045559
-9.39571795792064 2.0015453757213
1.25670071312401 2.97012399569574
-9.29157129055076 1.8636386447157
-2.91407444840734 1.78318641383387
-4.38120030379663 2.90484936026679
1.52813571950929 2.83054731290993
-9.11235005326541 1.71462613701546
3.8570097026165 1.40517387271323
7.21014717536712 2.9870198470268
4.29409962040683 0.894426275379098
-6.14100194167488 2.14646131788593
-0.858756272979862 1.24484744436163
-7.93948146744656 0.89931266379643
-8.29552926092234 1.04239873527979
4.53636210557522 0.983784847742293
4.03354654004382 1.14488096410919
-1.6451267476522 0.964921258931581
-4.29644636761381 3.10662996230307
0.588151032997033 2.4677560241029
-3.61349927807559 2.33951927945054
5.83922698570599 1.62860888449915
3.90046849768664 1.30505106349075
2.7252075180794 2.22373538610134
6.01950193679844 1.67544158127361
5.03123581590253 0.873083991782039
4.27761273746752 1.27002090161311
-6.19988760292852 2.08338990053582
-3.72506126451701 2.56721675979947
-5.54892732241633 2.70346003609717
-1.60103489534191 1.10469309414335
-9.72539375752057 2.33506603631003
1.65076907732178 2.9844375305424
-4.24018610747941 2.91651423512584
8.19607202927848 2.89845840278895
3.74114637531618 1.44243147685205
3.24266537861678 1.71662684138585
2.56948848204618 2.46243264148399
-3.85789381026158 2.68922400520427
-5.89556089203021 2.34682377363388
-3.67516962801961 2.42467732642612
5.73386005314437 1.51923068322271
-2.76144358319212 1.67369396484148
-8.27231358551741 0.947669540536593
0.458504941978156 2.55247446812474
3.08790603066966 1.98951501478058
-6.26211413406604 2.13199079714107
0.0364873212772121 2.07131405998669
0.676780805790109 2.6241914508385
-8.73004354132658 1.19184744817748
-5.42437083975326 2.64097691132314
-1.56443830513685 1.13271645996051
6.11356118723143 1.93810737359243
-8.6903297860978 1.14760317612262
-8.86466532053808 1.58609271640378
-5.7901840122475 2.46297477270168
-2.62509252690888 1.41634125193296
-5.45133613571742 2.71232544194027
-9.40509965381523 1.97972480880632
1.77138122266637 2.9980227849495
8.75916772034481 2.71987144143525
3.08631902032 2.00177843561544
3.31414483532754 1.88055336544105
6.93537296317696 2.56027997530452
9.68563828236462 1.85035946605428
4.22545182220121 1.21508906853466
6.23132725985113 1.76794672739761
7.1826584256755 2.75897699377525
4.43208686738272 1.22598881313261
-6.42702348960225 1.96459645219055
7.01099719642042 2.49195913308659
0.0510392624622895 2.20118557338108
0.400751838562005 2.42861786889182
-0.382962957389392 1.52844040262024
-9.6731780374455 2.08189579573662
-2.69313111049366 1.69313834843469
6.84528237456237 2.61298479895899
0.687564113163852 2.73086941987928
6.389226464079 1.98504591041914
-6.92046218539785 1.33270028084719
3.59446643043885 1.65086362833165
0.434642209528874 2.34877910592857
-5.38200714688495 2.81212251561238
-3.58238733268775 2.37296867165436
1.47998392732385 2.99166153407873
-3.18725976835561 1.9275117367503
0.40837588640666 2.54228750866423
#bash-3.2$ exit
#Script done on Tue Jan 12 18:16:35 2016